OutFileName=../images/radial.fif
XSamples=101
DeltaX=0.05
RhoSamples=101
DeltaRho=0.05
ThetaSamples=100
GenerateImage=1
GenerateRadon=1
OverSamp=1
NumberOfShapes=20
DebugNiveau=_DDebug

        type  a        b          x0        y0      phi    power

Shape0=  4    1      0.136315 -1.000000 -0.000000   0.000000 1
Shape1=  4    1      0.136315 -0.951057 -0.309017  18.000001 1
Shape2=  4    1      0.136315 -0.809017 -0.587785  36.000001 1
Shape3=  4    1      0.136315 -0.587785 -0.809017  54.000002 1
Shape4=  4    1      0.136315 -0.309017 -0.951057  72.000002 1
Shape5=  4    1      0.136315  0.000000 -1.000000  90.000003 1
Shape6=  4    1      0.136315  0.309017 -0.951057 108.000003 1
Shape7=  4    1      0.136315  0.587785 -0.809017 125.999997 1
Shape8=  4    1      0.136315  0.809017 -0.587785 144.000004 1
Shape9=  4    1      0.136315  0.951057 -0.309017 161.999998 1
Shape10= 4    1      0.136315  1.000000  0.000000 180.000005 1
Shape11= 4    1      0.136315  0.951057  0.309017 197.999999 1
Shape12= 4    1      0.136315  0.809017  0.587785 216.000006 1
Shape13= 4    1      0.136315  0.587785  0.809017 234.000013 1
Shape14= 4    1      0.136315  0.309017  0.951056 251.999993 1
Shape15= 4    1      0.136315 -0.000000  1.000000 270.000001 1
Shape16= 4    1      0.136315 -0.309017  0.951056 288.000008 1
Shape17= 4    1      0.136315 -0.587785  0.809017 305.999988 1
Shape18= 4    1      0.136315 -0.809017  0.587785 323.999995 1
Shape19= 4    1      0.136315 -0.951057  0.309017 342.000003 1


