OutFileName=../images/spiral.fif
XSamples=151
DeltaX=0.2
RhoSamples=151
DeltaRho=0.2
ThetaSamples=30
OverSamp=0
NumberOfShapes=24
GenerateImage=1
GenerateRadon=1
DebugNiveau=_DDebug

        type  a        b        x0         y0      phi   power  description

Shape0=  1 1.000000 1.000000 -10.000000 -0.000000 0.000000 1
Shape1=  1 0.960000 0.960000 -8.412544  -4.624835 0.000000 1
Shape2=  1 0.920000 0.920000 -4.929606  -7.767817 0.000000 1
Shape3=  1 0.880000 0.880000 -0.552556  -8.782635 0.000000 1
Shape4=  1 0.840000 0.840000  3.576547  -7.600547 0.000000 1
Shape5=  1 0.800000 0.800000  6.472136  -4.702282 0.000000 1
Shape6=  1 0.760000 0.760000  7.540072  -0.952532 0.000000 1
Shape7=  1 0.720000 0.720000  6.694391   2.650497 0.000000 1
Shape8=  1 0.680000 0.680000  4.334482   5.239491 0.000000 1
Shape9=  1 0.640000 0.640000  1.199241   6.286638 0.000000 1
Shape10= 1 0.600000 0.600000 -1.854103   5.706339 0.000000 1
Shape11= 1 0.560000 0.560000 -4.082224   3.833464 0.000000 1
Shape12= 1 0.520000 0.520000 -5.036632   1.293187 0.000000 1
Shape13= 1 0.480000 0.480000 -4.649199  -1.193711 0.000000 1
Shape14= 1 0.440000 0.440000 -3.207462  -3.012007 0.000000 1
Shape15= 1 0.400000 0.400000 -1.236067  -3.804226 0.000000 1
Shape16= 1 0.360000 0.360000  0.674574  -3.536234 0.000000 1
Shape17= 1 0.320000 0.320000  2.039756  -2.465643 0.000000 1
Shape18= 1 0.280000 0.280000  2.603374  -1.030749 0.000000 1
Shape19= 1 0.240000 0.240000  2.381075   0.300800 0.000000 1
Shape20= 1 0.200000 0.200000  1.618034   1.175571 0.000000 1
Shape21= 1 0.160000 0.160000  0.681248   1.447723 0.000000 1
Shape21= 1 0.120000 0.120000 -0.075348   1.197632 0.000000 1
Shape22= 1 0.080000 0.080000 -0.428661   0.675462 0.000000 1
Shape23= 1 0.040000 0.040000 -0.350523   0.192701 0.000000 1
